$ANSIBLE_VAULT;1.1;AES256
39656163383539643632653963386666666336326533396439333038646139303666326537373435
3239356630343964336562636230366530643338373866630a326238613539303731313231323865
61656235383064636238663531656163326334316235346236363235636564303065356236653937
6631633665663434380a323536646362303631626432326330393831356638363535663836623166
31343235313730336663613839623566653435303432623938303362363865323534663533363064
33653362363736343765333136336461396162643332396632356465663136376334393730393830
31346162393430326533646433306138666332393264633732323765636162366261373561373036
61653162646337353461363332303164333938363766356338373663663764393866373431653466
33633730383834313362623262353863643835646131363436366161353437643331356537613732
39643138643331613732336662346336663862326231373532343839323136303062333738333862
32636335666334303139653735656435313939353137313063356331626363633666636361616437
65653536323361623237393236626637633064376535313136353033376134393962636461363032
65326461373838386434336138623936393866626637303131623536386662313861323134333331
31383933333965353035636131613564303536303262343931333239303563363663383834333830
66396132613034373863653264636531393839343537396636316531623534366634613935333737
36626236333665623139353036346231643434613131303234363063366239656137663864333064
30313732643236656335336565613063303862656437626639386535643566376563326163653531
35643036616635376363633037376334393633373330646166336636386335613064616232303462
31366330653932353139323464323762653462653439393231313635636161656433663563333937
61663264393962363537353936666335313766313231643266646432653833356533383665383032
38656664313164396234643530643533393961333863313837626262326262656337346432633065
64623162616634353336663066326637623461613032346331653230336464663462666435333837
35323766613763646661623437383138663039666332323736363039363861373234326539626533
64303338303331303831373835663263356330643731633166383537393335366431373831383238
36316163663566623136386365363838306162313663653766396362386432663332633630326433
38663066666636656565353134653736333035326632636137336139663165393964373865343962
62343364373363303566303934643264646439623065616461363531323432666637643432363039
39333562376364353561316637643932366534383631363663316563316535346361646366656131
64373131373830623339656566383031633035626332366262626536636561393339626633626461
31313262613139633037613562333135363564653933626466376466636337393763656138636265
33396331366463613233616430623234366665613535343365633134643230323834643661343831
63353639313366666334383839613466633834376638666663373333336263323766353231373934
33306163373333646661323839663733353265353338353730313334383663353534626664356263
63663764656661613531356539303264653734643566633163646435303730653632656561323336
31396639386130363036653537643265386461313663333036653935666336393439363834653635
34316430366264393861326365373163653339333361316235663263333661663466616435653266
64383836323466386332363964336635363966353133623539376435363139313561323333333833
63623835396462393236346333393062623233633239313236313739306239313934303336383436
66333739643764336565626531623739633162396563643838343034386562636237303036376662
33633034386336313031633965303064376165376132383566636463653830366235623463383763
31333339343939653336663438646664623137303336626432333838383636636261663563363531
36306332336334316562613737303432666331393132393462653230656266383565646233663036
66656336373037316236366666323961323735376639336437373033313131613664323733633730
36383766393166343761656462623764616539306430346538623732663132646166613834373532
66393164336366636330353136633034306331636233353062633934343431616436303362303566
65313937323236393462343537383734623835326138333535386537396330353233373532363637
64653137623334663031666365383932383934366530636638653132383135616134623932356534
61353365616534633762383139663762626234613138616336626632623639646338393332316131
65326636653937613364303764613532666437353362633637393138623536613331316661653531
35363930313862633237306262363761663665656232366232303331646634613830346534323465
34663261623864303734626262623731323565663535313934396436616336353664323631393561
37613337366630633237323566626231366664663134646333656231613563373039393063333464
61393861353130336236353466313864306566333865303336363136306134366638336565633134
61366464343663306633393938623131376439323632646533363036333434613362326138303565
39353566663633326566613839666161353465396630353534646635633237386266383465303733
61333064376637633730363432393566393835326535343134333132383830393261636132346230
32353163633435636531306339333333323833306364643962333938663131313936643336643365
30316539643335616337646566623531653539313664613832383438393863303533393931656639
34376132646235393239333539353664386631303235663133633937346661313130373739363730
32656666636532363730366665383830633636326265326432633739303561613361356637396463
66376263393863363532616462316366343062326639643031643266323265333162626664313234
63323363393930666263636335633633643663323162373032656135646536616562626162333262
37396132613032333936663061613238333665316136303061333430613932353362303031316131
37323239373537373361333663306336386561623535653062346263326131376231313234313163
61366161613333356263656432396663616662336661613161613739356438613233636637616230
31653162303930326533633936643639393237336539353533333265373566653366666464346331
36633362393930323832333636636236343433616538653062333032613764343131646337356238
36313639386532336230393566353530396165306235313363373262666363353566623264626532
64393338393835613535636538386562613831326266396632393161636563323633356461663261
34653464653062363631636163646235353332663665373032653834346530356238626466373762
38656532633066376262303538656133343932643939326466623163663265353461326234613736
32663433336439643463306162383930363435313632376331366230666335656530663738326131
63653636656238623838356134656534353065303539363234313738653263613866346535626130
30393964376130383565363463643466623961373138643536373566396430353435386261653766
37666239643266616333663835323665643062616166616564313333363461323930326538333832
34613463393363623366333235633534316236613261663135663839363135333030653061363766
66363464636164646634366631383034396331353364613731346463323361346638666530356561
64666132336638323762323133623235366237623265623138316438316532323032366136373331
39373435613062336133346162383537373735336435386330633833663036636437333134393639
62653131633365376536623230613031616461626338303737663965326131373966303639346465
33346465303735646262323462363661366563353737643532313232623032306265373365396663
31653136363130393336376435346338353639373034353462346537666463613930373731303263
36336336306532323530386439353361663063386636656133353566656564366364326232623035
36343562323735303538333231633932646465333532396239353564663835383234373130363463
61383835303961366331326265343335613733393739373037383934336462643535306637623065
38353465303531303732366136393037373731333165616638326162343937643632623465383232
64616162636461636461663739366462363163363732333132336536323136623535373630353134
35303063313365373738656666383263336231313135396534636561363064363235613131663833
33626363373133336538663032343238633662323164643433373839333764346466353132336663
62353235363463353164646437343362326263383665613562613236353463663339613261343164
39396630346437383365663030613839616431326265653362343333386535623531663538313962
32306234366431386439396462306661613138356335633833303039366565333138393066313038
64393637376538383963653930393662353834366333386662363734663566613734353134376236
65643061656562393866366337376632323332613939316637633666313134623534623166313039
34373363376366386661343461356161323362626430626433303565383461343663643234373431
30656434313462396433666136633963633331633761336466373636323363656632363731346664
61613464346131336137366666663639363435303035623736306238313766653032656639633830
34353030643833323934393866396461313166633666616637623963626637383738653236616530
39653064643435643366653666333333636439346638376565376631386266643432643134353434
39396636636332393061623561356263333939376436303830316361306161386137386333643035
61326634613935626166363831303332386163396638316363613061616130383831343262373233
31643338626236626262613130316233383866336337643533383837353665346564303434643463
34376237323831373434386330616439353462376536323365643038353238373233663039306163
39363732643737373962653939663838653236393930353331346537333064343362306266396139
62356630353665383836656366393432626531313234346165663835626137343135356463353361
34333638663433396262313865343264393061633938336137346636326562376366363031356166
34373164383431316239333838666334633461343631363266343962336238346334346638666539
37323838346235343034313161356539316566363738363436373934333033316136336632613234
34366637376265333631633261363761366436376139393763666636613961323034616239383265
36613638646336663134343465346135376634393566313165396332323631373733333262303766
30356461383164313839653730383963393461336165326236313437383563643363316630383161
33653265373632306434613430333462373163326636313733656363333232626537363830633730
38393630356163316266303166363337336337373436616364346462343262333434663232393030
66646462656437646564666662333338633261643131303837326237316365386534336562613638
65386534636435336130333865356434623031613331643932316264336261646131396533333561
30616163366336306666346337646337343062643566663938313733616566636261646533333866
61366365346235643339386561383939306131343935333864373438353832643736643234376266
62653030656164383337343130623764663961623565333537303938353861343134323733323566
62343539333966356330353062663135353130663239643763313835346339613130366337313634
36366138363435303537356362376138323233663138353230393936396237353139393936306230
38336261393434353833633033626465303333303633316461323333393765616138646339616132
61666536373937613230303638623638663763373464316132323931393162623638353431313164
35316338303765326530643633646332356161363737636130326337393364333930386637643334
63306364323734623562303330386162633066373938353636373565356661373231383239313038
62376232363863336636633236643531666266666130616562306530336239653239383566623731
35393934313934373864623966633831373039396662356565313733356566313763306234373862
64663363306464356261326433616436353035336463393939643632366161343163306636643032
38646563326132313837663230646335373465356662616235663835383066323434623939643837
33303764323965383631373863396636356133303534663637653633373333323933346166663132
33313531663166323764353563626339356639356339303932323136346162633636343731663831
33666132313566336139373535303763623463643732303032333532333566646634383461636137
61356233363466623837643330306333353834386437346237333166396135303833333139663238
63376663303363656435383932643939323866643633376462376638396435363564386135316563
34363835393135363134303833393730623831666235386133303432393666386139346436643862
32633463303535313430316533643461663534386234323732626634373239666166343835643263
30663063336436623561636166356365653435386630653237373737623332316461636230373464
62623462303036643634636539386665633133306565376335613362383265613165306332356561
39323338353531353234353537393661636364316461303537623230653137656330333433643433
63663439636366356264396361383436313834613637373466396163663738303365653764333764
63663962303161383839613065623834623662303562346231653061396534633935633631396164
33303164396633373637333834313764663362636139646266663236323366313131373732343462
38666264313939356266653833353632353865376332666565356162316363666339656462636337
33666335663566656234623636646664373235366464353663633330373466666139303134613334
66383261393433633732386132346135316261386561356637666531353065373031643939323465
34623163636632313234333234623836373164343836656338396433616534376566316438643164
36366438353361343139393436623662386330636238383230323162633738343236396136376338
39353337373262326530646538656139323464653733396263323835386435646434653536303364
62353730646135626132393562316639666339623639613263346239366636613538343630353739
61666665336334376664353835666463383830653735613663663566633738313365353934383732
32356234343036633762376635306138643365343561613836383265383035373462363133613866
66333931396139663235393735376264623333313762306565373164386438386437373433626161
33646663393361373762383332643261336531386234363863616135613138383466313637633265
39363137363431383262613433386563336431323463333862353364323739653738636439653864
39366636323935393631623036313236663732323934306334633539376566643062663461343762
31333963306361613236333163333636316163386338333631623164393638366436366663306135
36623732393739643738393035383965646331326564313738303038386535356661313433326266
65306631643566633761383333613639303031616337396236373161316332363266383064383363
65303231373338666134383862303030383661303762323664323335613738336361373662646561
37623030623237626666646133386436663763343032323961613636383761636562306632353236
66613965616332303462623465383932663537663366656634663436643737653330656664633564
33363035653133386366643636323232663362633161666266363162643539633133386237633566
31373731623461633038626262373661346562353332313762383832373133333666623866633362
36363665386533646532653565326236353230333164323135633630313636333962636137343031
36656430653665313330316661363237376532336234643063366134343133333365383063343262
65323939393632363135363031363935666131343064623037343561636365346136633334383233
62643639333931613964376665646463633165356233383864626439343932323935623966616135
65383538393166653863386630363437383230396533316565303539663930313764646631386636
39306265666661393364303430626362643732653064623436643631633137373132376237613631
64383663346439306239303434376465663739393437623835646535396265353162333131393230
36663862663033636638393966626330613134336662396638663434336263326636616631646563
37626237643137353366346332663539346130326338663763643735316439613234633863373438
61353933626137636464643236663234636337393231663433663530396230366338326362353638
35306163373365323237363930653131353561633734316466633031376664363864663465393861
3736396663313535323930346639616532633937663361613731
